========================
N_THREADS: 8
OPTIMALITY_GAP: 0
TIME_LIMIT_SECONDS: 600
========================
Wall-Clock Runtime (ms): 26
Total Time of All Workers in OddHoleAlg (nano): 1262291
Total Time of All Workers in OddHoleAlg (ms): 1
OddHoleAlg calls: 14
Number of Found Odd-Holes: 313
Number of Found Odd Anti-Holes: 0
Is Optimal? (1e-6): 1
Optimality Gap: 0
Objective Value: 9
Number of Feasible Solutions Found: 4
Number of Feasible Solutions in the Pool: 3
========================
Input Graph:
Number of Vertices:20
Number of Edges:49
Graph Density:0.257895
0,0,0,0,0,1,0,0,0,0,1,0,0,1,0,0,0,0,1,1,
0,0,0,0,0,0,0,1,1,0,0,0,0,0,0,0,1,0,1,0,
0,0,0,0,0,0,0,0,0,0,0,1,0,0,0,0,1,0,0,0,
0,0,0,0,1,0,1,0,1,0,1,0,1,0,0,1,0,0,0,0,
0,0,0,1,0,1,0,0,0,0,1,0,1,0,0,0,1,1,0,0,
1,0,0,0,1,0,0,0,0,0,0,0,0,0,0,1,0,0,1,0,
0,0,0,1,0,0,0,0,0,0,0,1,1,0,0,0,0,0,1,0,
0,1,0,0,0,0,0,0,0,1,0,0,0,1,0,0,1,0,1,0,
0,1,0,1,0,0,0,0,0,1,0,0,0,0,0,0,1,0,0,1,
0,0,0,0,0,0,0,1,1,0,0,0,0,0,1,0,0,0,0,0,
1,0,0,1,1,0,0,0,0,0,0,0,0,0,0,0,0,1,1,0,
0,0,1,0,0,0,1,0,0,0,0,0,1,0,0,0,1,0,0,0,
0,0,0,1,1,0,1,0,0,0,0,1,0,1,0,1,0,0,0,0,
1,0,0,0,0,0,0,1,0,0,0,0,1,0,0,1,0,1,0,1,
0,0,0,0,0,0,0,0,0,1,0,0,0,0,0,1,0,0,0,0,
0,0,0,1,0,1,0,0,0,0,0,0,1,1,1,0,0,1,0,0,
0,1,1,0,1,0,0,1,1,0,0,1,0,0,0,0,0,1,1,0,
0,0,0,0,1,0,0,0,0,0,1,0,0,1,0,1,1,0,0,0,
1,1,0,0,0,1,1,1,0,0,1,0,0,0,0,0,1,0,0,1,
1,0,0,0,0,0,0,0,1,0,0,0,0,1,0,0,0,0,1,0,
========================
Output Graph:
Number of Vertices:20
Number of Edges:48
Graph Density:0.252632
0,0,0,0,0,1,0,0,0,0,1,0,0,1,0,0,0,0,1,1,
0,0,0,0,0,0,0,1,1,0,0,0,0,0,0,0,1,0,1,0,
0,0,0,0,0,0,0,0,0,0,0,1,0,0,0,0,1,0,0,0,
0,0,0,0,1,0,1,0,0,0,1,0,1,1,0,1,0,0,0,0,
0,0,0,1,0,1,1,0,0,0,1,0,1,1,0,0,1,1,0,0,
1,0,0,0,1,0,0,0,0,0,0,0,0,0,0,0,0,0,1,0,
0,0,0,1,1,0,0,0,0,0,0,1,1,0,0,0,0,0,1,0,
0,1,0,0,0,0,0,0,0,1,0,0,0,1,0,0,1,0,1,0,
0,1,0,0,0,0,0,0,0,1,0,0,0,0,0,0,1,0,0,0,
0,0,0,0,0,0,0,1,1,0,0,0,0,0,0,0,0,0,0,0,
1,0,0,1,1,0,0,0,0,0,0,0,0,0,0,0,0,1,1,0,
0,0,1,0,0,0,1,0,0,0,0,0,0,0,0,0,1,0,0,0,
0,0,0,1,1,0,1,0,0,0,0,0,0,1,0,1,0,0,0,0,
1,0,0,1,1,0,0,1,0,0,0,0,1,0,0,1,0,1,1,1,
0,0,0,0,0,0,0,0,0,0,0,0,0,0,0,1,0,0,0,0,
0,0,0,1,0,0,0,0,0,0,0,0,1,1,1,0,0,1,0,0,
0,1,1,0,1,0,0,1,1,0,0,1,0,0,0,0,0,1,1,0,
0,0,0,0,1,0,0,0,0,0,1,0,0,1,0,1,1,0,0,0,
1,1,0,0,0,1,1,1,0,0,1,0,0,1,0,0,1,0,0,1,
1,0,0,0,0,0,0,0,0,0,0,0,0,1,0,0,0,0,1,0,
========================
Ratio of Added Edges Over Added + Removed Edges: 0.444444
Changes from Input to Output
Removed Edge: (3, 8)
Added Edge: (3, 13)
Added Edge: (4, 6)
Added Edge: (4, 13)
Removed Edge: (5, 15)
Removed Edge: (8, 19)
Removed Edge: (9, 14)
Removed Edge: (11, 12)
Added Edge: (13, 18)
========================
