========================
N_THREADS: 8
OPTIMALITY_GAP: 0
TIME_LIMIT_SECONDS: 600
========================
Wall-Clock Runtime (ms): 79
Total Time of All Workers in OddHoleAlg (nano): 9548499
Total Time of All Workers in OddHoleAlg (ms): 9
OddHoleAlg calls: 102
Number of Found Odd-Holes: 662
Number of Found Odd Anti-Holes: 0
Is Optimal? (1e-6): 1
Optimality Gap: 0
Objective Value: 9
Number of Feasible Solutions Found: 12
Number of Feasible Solutions in the Pool: 11
========================
Input Graph:
Number of Vertices:20
Number of Edges:49
Graph Density:0.257895
0,0,0,0,0,1,0,0,0,0,1,0,0,1,0,0,0,0,1,1,
0,0,0,0,0,0,0,1,1,0,0,0,0,0,0,0,1,0,1,0,
0,0,0,0,0,0,0,0,0,0,0,1,0,0,0,0,1,0,0,0,
0,0,0,0,1,0,1,0,1,0,1,0,1,0,0,1,0,0,0,0,
0,0,0,1,0,1,0,0,0,0,1,0,1,0,0,0,1,1,0,0,
1,0,0,0,1,0,0,0,0,0,0,0,0,0,0,1,0,0,1,0,
0,0,0,1,0,0,0,0,0,0,0,1,1,0,0,0,0,0,1,0,
0,1,0,0,0,0,0,0,0,1,0,0,0,1,0,0,1,0,1,0,
0,1,0,1,0,0,0,0,0,1,0,0,0,0,0,0,1,0,0,1,
0,0,0,0,0,0,0,1,1,0,0,0,0,0,1,0,0,0,0,0,
1,0,0,1,1,0,0,0,0,0,0,0,0,0,0,0,0,1,1,0,
0,0,1,0,0,0,1,0,0,0,0,0,1,0,0,0,1,0,0,0,
0,0,0,1,1,0,1,0,0,0,0,1,0,1,0,1,0,0,0,0,
1,0,0,0,0,0,0,1,0,0,0,0,1,0,0,1,0,1,0,1,
0,0,0,0,0,0,0,0,0,1,0,0,0,0,0,1,0,0,0,0,
0,0,0,1,0,1,0,0,0,0,0,0,1,1,1,0,0,1,0,0,
0,1,1,0,1,0,0,1,1,0,0,1,0,0,0,0,0,1,1,0,
0,0,0,0,1,0,0,0,0,0,1,0,0,1,0,1,1,0,0,0,
1,1,0,0,0,1,1,1,0,0,1,0,0,0,0,0,1,0,0,1,
1,0,0,0,0,0,0,0,1,0,0,0,0,1,0,0,0,0,1,0,
========================
Output Graph:
Number of Vertices:20
Number of Edges:42
Graph Density:0.221053
0,0,0,0,0,1,0,0,0,0,1,0,0,1,0,0,0,0,1,1,
0,0,0,0,0,0,0,1,1,0,0,0,0,0,0,0,1,0,1,0,
0,0,0,0,0,0,0,0,0,0,0,1,0,0,0,0,1,0,0,0,
0,0,0,0,1,0,1,0,0,0,1,0,1,0,0,1,0,0,0,0,
0,0,0,1,0,1,1,0,0,0,1,0,1,0,0,0,1,1,0,0,
1,0,0,0,1,0,0,0,0,0,0,0,0,0,0,0,0,0,1,0,
0,0,0,1,1,0,0,0,0,0,0,1,1,0,0,0,0,0,1,0,
0,1,0,0,0,0,0,0,0,1,0,0,0,1,0,0,1,0,1,0,
0,1,0,0,0,0,0,0,0,1,0,0,0,0,0,0,1,0,0,0,
0,0,0,0,0,0,0,1,1,0,0,0,0,0,0,0,0,0,0,0,
1,0,0,1,1,0,0,0,0,0,0,0,0,0,0,0,0,1,1,0,
0,0,1,0,0,0,1,0,0,0,0,0,1,0,0,0,1,0,0,0,
0,0,0,1,1,0,1,0,0,0,0,1,0,0,0,0,0,0,0,0,
1,0,0,0,0,0,0,1,0,0,0,0,0,0,0,0,0,0,0,1,
0,0,0,0,0,0,0,0,0,0,0,0,0,0,0,1,0,0,0,0,
0,0,0,1,0,0,0,0,0,0,0,0,0,0,1,0,0,1,0,0,
0,1,1,0,1,0,0,1,1,0,0,1,0,0,0,0,0,1,1,0,
0,0,0,0,1,0,0,0,0,0,1,0,0,0,0,1,1,0,0,0,
1,1,0,0,0,1,1,1,0,0,1,0,0,0,0,0,1,0,0,1,
1,0,0,0,0,0,0,0,0,0,0,0,0,1,0,0,0,0,1,0,
========================
Ratio of Added Edges Over Added + Removed Edges: 0.111111
Changes from Input to Output
Removed Edge: (3, 8)
Added Edge: (4, 6)
Removed Edge: (5, 15)
Removed Edge: (8, 19)
Removed Edge: (9, 14)
Removed Edge: (12, 13)
Removed Edge: (12, 15)
Removed Edge: (13, 15)
Removed Edge: (13, 17)
========================
